
DET1 = [
    1    1    1    1    1    1    1    1    1    1  3.00401E+09 0.15537 
];


DET2 = [
    1    1    1    1    1    1    1    1    1    1  2.36065E+09 0.17954 
];


DET2E = [
 0.00000E+00  6.25000E-07  3.12500E-07
];
