
DET1 = [
    1    1    1    1    1    1    1    1    1    1  2.25783E+09 0.04261 
];


DET2 = [
    1    1    1    1    1    1    1    1    1    1  1.65448E+09 0.05013 
];


DET2E = [
 0.00000E+00  6.25000E-07  3.12500E-07
];
