
DET1 = [
    1    1    1    1    1    1    1    1    1    1  2.03684E+09 0.04542 
];


DET2 = [
    1    1    1    1    1    1    1    1    1    1  1.45017E+09 0.05374 
];


DET2E = [
 0.00000E+00  6.25000E-07  3.12500E-07
];
