
DET1 = [
    1    1    1    1    1    1    1    1    1    1  2.03663E+09 0.04552 
];


DET2 = [
    1    1    1    1    1    1    1    1    1    1  1.42958E+09 0.05423 
];


DET2E = [
 0.00000E+00  6.25000E-07  3.12500E-07
];
